Label Pixel Coordinates
1 [[[258 264]]	[[259 263]]	[[260 263]]	[[261 264]]	[[259 266]]	[[258 265]]]
2 [[[248 264]]	[[249 263]]	[[250 263]]	[[251 264]]	[[251 265]]	[[250 266]]	[[249 266]]	[[248 265]]]
3 [[[238 264]]	[[239 263]]	[[240 263]]	[[241 264]]	[[241 265]]	[[240 266]]]
4 [[[228 264]]	[[229 263]]	[[231 263]]	[[232 264]]	[[230 266]]]
5 [[[219 264]]	[[220 263]]	[[221 263]]	[[222 264]]	[[222 265]]	[[221 266]]	[[220 266]]	[[219 265]]]
6 [[[209 264]]	[[210 263]]	[[211 263]]	[[212 264]]	[[212 265]]	[[211 266]]	[[210 266]]	[[209 265]]]
7 [[[199 264]]	[[200 263]]	[[201 263]]	[[202 264]]	[[202 265]]	[[201 266]]	[[200 266]]	[[199 265]]]
8 [[[189 264]]	[[190 263]]	[[191 263]]	[[192 264]]	[[192 265]]	[[191 266]]	[[190 266]]	[[189 265]]]
9 [[[179 264]]	[[180 263]]	[[182 263]]	[[183 264]]	[[183 265]]	[[182 266]]	[[181 266]]]
10 [[[364 263]]	[[365 262]]	[[366 262]]	[[367 263]]	[[366 264]]	[[365 264]]]
11 [[[355 263]]	[[356 262]]	[[357 262]]	[[358 263]]	[[357 264]]	[[356 264]]]
12 [[[345 263]]	[[346 262]]	[[347 262]]	[[348 263]]	[[346 265]]	[[345 264]]]
13 [[[335 263]]	[[336 262]]	[[337 262]]	[[338 263]]	[[338 264]]	[[337 265]]]
14 [[[326 263]]	[[327 262]]	[[328 262]]	[[329 263]]	[[329 264]]	[[328 265]]	[[327 265]]	[[326 264]]]
15 [[[316 263]]	[[317 262]]	[[318 262]]	[[319 263]]	[[319 264]]	[[318 265]]	[[317 265]]	[[316 264]]]
16 [[[308 262]]	[[309 263]]	[[309 264]]	[[308 265]]	[[307 265]]	[[306 264]]]
17 [[[297 263]]	[[298 262]]	[[300 264]]	[[299 265]]	[[298 265]]	[[297 264]]]
18 [[[287 263]]	[[288 262]]	[[289 262]]	[[290 263]]	[[290 264]]	[[289 265]]	[[288 265]]	[[287 264]]]
19 [[[279 262]]	[[280 263]]	[[280 264]]	[[279 265]]	[[278 265]]	[[277 264]]]
20 [[[269 262]]	[[271 264]]	[[269 266]]	[[267 264]]]
21 [[[421 262]]	[[422 261]]	[[423 261]]	[[424 262]]	[[423 263]]	[[422 263]]]
22 [[[412 262]]	[[413 261]]	[[414 261]]	[[415 262]]	[[413 264]]	[[412 263]]]
23 [[[402 262]]	[[403 261]]	[[404 261]]	[[405 262]]	[[405 263]]	[[404 264]]]
24 [[[393 262]]	[[394 261]]	[[395 261]]	[[396 262]]	[[396 263]]	[[395 264]]	[[394 264]]	[[393 263]]]
25 [[[384 262]]	[[385 261]]	[[386 262]]	[[386 263]]	[[385 264]]	[[384 263]]]
26 [[[374 262]]	[[375 261]]	[[377 263]]	[[376 264]]	[[375 264]]	[[374 263]]]
27 [[[287 254]]	[[288 253]]	[[289 253]]	[[290 254]]	[[290 255]]	[[289 256]]	[[288 256]]	[[287 255]]]
28 [[[277 254]]	[[278 253]]	[[279 253]]	[[280 254]]	[[280 255]]	[[279 256]]]
29 [[[267 254]]	[[268 253]]	[[270 253]]	[[271 254]]	[[269 256]]]
30 [[[258 254]]	[[259 253]]	[[260 253]]	[[261 254]]	[[261 255]]	[[260 256]]	[[259 256]]	[[258 255]]]
31 [[[248 254]]	[[249 253]]	[[250 253]]	[[251 254]]	[[251 255]]	[[250 256]]	[[249 256]]	[[248 255]]]
32 [[[238 254]]	[[239 253]]	[[240 253]]	[[241 254]]	[[241 255]]	[[240 256]]	[[239 256]]	[[238 255]]]
33 [[[228 254]]	[[229 253]]	[[230 253]]	[[231 254]]	[[231 255]]	[[230 256]]	[[229 256]]	[[228 255]]]
34 [[[219 254]]	[[220 253]]	[[221 253]]	[[222 254]]	[[222 255]]	[[221 256]]	[[220 256]]	[[219 255]]]
35 [[[209 254]]	[[210 253]]	[[211 253]]	[[212 254]]	[[212 255]]	[[211 256]]	[[210 256]]	[[209 255]]]
36 [[[199 254]]	[[200 253]]	[[201 253]]	[[202 254]]	[[202 255]]	[[201 256]]	[[200 256]]	[[199 255]]]
37 [[[189 254]]	[[190 253]]	[[191 253]]	[[192 254]]	[[192 255]]	[[191 256]]	[[190 256]]	[[189 255]]]
38 [[[181 253]]	[[183 255]]	[[182 256]]	[[180 256]]	[[179 255]]]
39 [[[374 253]]	[[375 252]]	[[376 252]]	[[377 253]]	[[376 254]]	[[375 254]]]
40 [[[364 253]]	[[365 252]]	[[366 252]]	[[367 253]]	[[367 254]]	[[366 255]]]
41 [[[355 253]]	[[356 252]]	[[357 252]]	[[358 253]]	[[356 255]]	[[355 254]]]
42 [[[345 253]]	[[346 252]]	[[347 252]]	[[348 253]]	[[348 254]]	[[347 255]]	[[346 255]]	[[345 254]]]
43 [[[336 253]]	[[337 252]]	[[338 253]]	[[338 254]]	[[337 255]]	[[336 254]]]
44 [[[326 253]]	[[327 252]]	[[328 252]]	[[329 253]]	[[329 254]]	[[328 255]]	[[327 255]]	[[326 254]]]
45 [[[316 253]]	[[317 252]]	[[318 252]]	[[319 253]]	[[319 254]]	[[318 255]]	[[317 255]]	[[316 254]]]
46 [[[308 252]]	[[309 253]]	[[309 254]]	[[308 255]]	[[307 255]]	[[306 254]]]
47 [[[297 253]]	[[298 252]]	[[300 254]]	[[298 256]]	[[297 255]]]
48 [[[421 252]]	[[422 251]]	[[423 251]]	[[424 252]]	[[424 253]]	[[423 254]]]
49 [[[412 252]]	[[413 251]]	[[414 251]]	[[415 252]]	[[415 253]]	[[414 254]]	[[413 254]]	[[412 253]]]
50 [[[403 252]]	[[404 251]]	[[405 252]]	[[405 253]]	[[404 254]]	[[403 253]]]
51 [[[393 252]]	[[394 251]]	[[395 251]]	[[396 252]]	[[396 253]]	[[395 254]]	[[394 254]]	[[393 253]]]
52 [[[385 251]]	[[386 252]]	[[386 253]]	[[385 254]]	[[384 254]]	[[383 253]]]
53 [[[316 244]]	[[317 243]]	[[318 243]]	[[319 244]]	[[318 245]]	[[317 245]]]
54 [[[306 244]]	[[307 243]]	[[308 243]]	[[309 244]]	[[309 245]]	[[308 246]]]
55 [[[297 244]]	[[298 243]]	[[299 243]]	[[300 244]]	[[298 246]]	[[297 245]]]
56 [[[287 244]]	[[288 243]]	[[289 243]]	[[290 244]]	[[290 245]]	[[289 246]]	[[288 246]]	[[287 245]]]
57 [[[277 244]]	[[278 243]]	[[279 243]]	[[280 244]]	[[280 245]]	[[279 246]]	[[278 246]]	[[277 245]]]
58 [[[268 244]]	[[269 243]]	[[270 244]]	[[270 245]]	[[269 246]]	[[268 245]]]
59 [[[258 244]]	[[259 243]]	[[260 243]]	[[261 244]]	[[261 245]]	[[260 246]]	[[259 246]]	[[258 245]]]
60 [[[248 244]]	[[249 243]]	[[250 243]]	[[251 244]]	[[251 245]]	[[250 246]]	[[249 246]]	[[248 245]]]
61 [[[238 244]]	[[239 243]]	[[240 243]]	[[241 244]]	[[241 245]]	[[240 246]]	[[239 246]]	[[238 245]]]
62 [[[230 243]]	[[232 245]]	[[231 246]]	[[229 246]]	[[228 245]]]
63 [[[219 244]]	[[220 243]]	[[222 245]]	[[221 246]]	[[220 246]]	[[219 245]]]
64 [[[209 244]]	[[210 243]]	[[211 243]]	[[212 244]]	[[212 245]]	[[211 246]]	[[210 246]]	[[209 245]]]
65 [[[199 244]]	[[200 243]]	[[201 243]]	[[202 244]]	[[202 245]]	[[201 246]]	[[200 246]]	[[199 245]]]
66 [[[189 244]]	[[190 243]]	[[191 243]]	[[192 244]]	[[192 245]]	[[191 246]]	[[190 246]]	[[189 245]]]
67 [[[181 243]]	[[183 245]]	[[181 247]]	[[179 245]]]
68 [[[403 243]]	[[404 242]]	[[405 243]]	[[404 244]]]
69 [[[393 243]]	[[394 242]]	[[395 242]]	[[396 243]]	[[395 244]]	[[394 244]]]
70 [[[384 243]]	[[385 242]]	[[386 243]]	[[386 244]]	[[385 245]]	[[384 244]]]
71 [[[374 243]]	[[375 242]]	[[376 242]]	[[377 243]]	[[377 244]]	[[376 245]]	[[375 245]]	[[374 244]]]
72 [[[365 243]]	[[366 242]]	[[367 243]]	[[367 244]]	[[366 245]]	[[365 244]]]
73 [[[355 243]]	[[356 242]]	[[357 242]]	[[358 243]]	[[358 244]]	[[357 245]]	[[356 245]]	[[355 244]]]
74 [[[345 243]]	[[346 242]]	[[347 242]]	[[348 243]]	[[348 244]]	[[347 245]]	[[346 245]]	[[345 244]]]
75 [[[336 243]]	[[337 242]]	[[338 243]]	[[338 244]]	[[337 245]]	[[336 244]]]
76 [[[326 243]]	[[327 242]]	[[329 244]]	[[328 245]]	[[327 245]]	[[326 244]]]
77 [[[422 242]]	[[423 241]]	[[424 242]]	[[424 243]]	[[423 244]]	[[422 243]]]
78 [[[412 242]]	[[413 241]]	[[415 243]]	[[414 244]]	[[413 244]]	[[412 243]]]
79 [[[199 235]]	[[200 234]]	[[201 234]]	[[202 235]]	[[202 236]]	[[201 237]]	[[200 237]]	[[199 236]]]
80 [[[189 235]]	[[190 234]]	[[191 234]]	[[192 235]]	[[192 236]]	[[191 237]]]
81 [[[179 235]]	[[180 234]]	[[182 234]]	[[183 235]]	[[181 237]]]
82 [[[345 234]]	[[346 233]]	[[347 233]]	[[348 234]]	[[347 235]]	[[346 235]]]
83 [[[336 234]]	[[337 233]]	[[338 234]]	[[338 235]]	[[337 236]]	[[336 235]]]
84 [[[326 234]]	[[327 233]]	[[328 233]]	[[329 234]]	[[327 236]]	[[326 235]]]
85 [[[316 234]]	[[317 233]]	[[318 233]]	[[319 234]]	[[319 235]]	[[318 236]]	[[317 236]]	[[316 235]]]
86 [[[306 234]]	[[307 233]]	[[308 233]]	[[309 234]]	[[309 235]]	[[308 236]]]
87 [[[297 234]]	[[298 233]]	[[299 233]]	[[300 234]]	[[300 235]]	[[299 236]]	[[298 236]]	[[297 235]]]
88 [[[287 234]]	[[288 233]]	[[289 233]]	[[290 234]]	[[290 235]]	[[289 236]]	[[288 236]]	[[287 235]]]
89 [[[277 234]]	[[278 233]]	[[279 233]]	[[280 234]]	[[280 235]]	[[279 236]]	[[278 236]]	[[277 235]]]
90 [[[268 234]]	[[269 233]]	[[270 234]]	[[270 235]]	[[269 236]]	[[268 235]]]
91 [[[258 234]]	[[259 233]]	[[261 235]]	[[260 236]]	[[259 236]]	[[258 235]]]
92 [[[248 234]]	[[249 233]]	[[250 233]]	[[251 234]]	[[251 235]]	[[250 236]]	[[249 236]]	[[248 235]]]
93 [[[240 233]]	[[241 234]]	[[241 235]]	[[240 236]]	[[239 236]]	[[238 235]]]
94 [[[230 233]]	[[232 235]]	[[230 237]]	[[228 235]]]
95 [[[220 233]]	[[222 235]]	[[220 237]]	[[218 235]]]
96 [[[209 234]]	[[210 233]]	[[212 235]]	[[210 237]]	[[209 236]]]
97 [[[422 233]]	[[423 232]]	[[424 233]]	[[423 234]]]
98 [[[412 233]]	[[413 232]]	[[414 232]]	[[415 233]]	[[414 234]]	[[413 234]]]
99 [[[403 233]]	[[404 232]]	[[405 233]]	[[405 234]]	[[404 235]]	[[403 234]]]
100 [[[393 233]]	[[394 232]]	[[395 232]]	[[396 233]]	[[396 234]]	[[395 235]]	[[394 235]]	[[393 234]]]
101 [[[384 233]]	[[385 232]]	[[386 233]]	[[386 234]]	[[385 235]]	[[384 234]]]
102 [[[374 233]]	[[375 232]]	[[376 232]]	[[377 233]]	[[377 234]]	[[376 235]]	[[375 235]]	[[374 234]]]
103 [[[365 233]]	[[366 232]]	[[367 233]]	[[367 234]]	[[366 235]]	[[365 234]]]
104 [[[355 233]]	[[356 232]]	[[358 234]]	[[357 235]]	[[356 235]]	[[355 234]]]
105 [[[248 225]]	[[249 224]]	[[250 224]]	[[251 225]]	[[250 226]]	[[249 226]]]
106 [[[238 225]]	[[239 224]]	[[240 224]]	[[241 225]]	[[241 226]]	[[240 227]]]
107 [[[228 225]]	[[229 224]]	[[230 224]]	[[231 225]]	[[231 226]]	[[230 227]]]
108 [[[218 225]]	[[219 224]]	[[221 224]]	[[222 225]]	[[220 227]]]
109 [[[209 225]]	[[210 224]]	[[211 224]]	[[212 225]]	[[210 227]]	[[209 226]]]
110 [[[199 225]]	[[200 224]]	[[201 224]]	[[202 225]]	[[202 226]]	[[201 227]]	[[200 227]]	[[199 226]]]
111 [[[189 225]]	[[190 224]]	[[191 224]]	[[192 225]]	[[192 226]]	[[191 227]]	[[190 227]]	[[189 226]]]
112 [[[179 225]]	[[180 224]]	[[181 224]]	[[182 225]]	[[182 226]]	[[181 227]]	[[180 227]]	[[179 226]]]
113 [[[355 224]]	[[356 223]]	[[357 223]]	[[358 224]]	[[356 226]]	[[355 225]]]
114 [[[345 224]]	[[346 223]]	[[347 223]]	[[348 224]]	[[348 225]]	[[347 226]]]
115 [[[336 224]]	[[337 223]]	[[338 224]]	[[338 225]]	[[337 226]]	[[336 225]]]
116 [[[326 224]]	[[327 223]]	[[328 223]]	[[329 224]]	[[329 225]]	[[328 226]]	[[327 226]]	[[326 225]]]
117 [[[316 224]]	[[317 223]]	[[318 223]]	[[319 224]]	[[319 225]]	[[318 226]]	[[317 226]]	[[316 225]]]
118 [[[307 224]]	[[308 223]]	[[309 224]]	[[309 225]]	[[308 226]]	[[307 225]]]
119 [[[297 224]]	[[298 223]]	[[299 223]]	[[300 224]]	[[300 225]]	[[299 226]]	[[298 226]]	[[297 225]]]
120 [[[287 224]]	[[288 223]]	[[289 223]]	[[290 224]]	[[290 225]]	[[289 226]]	[[288 226]]	[[287 225]]]
121 [[[279 223]]	[[280 224]]	[[280 225]]	[[279 226]]	[[278 226]]	[[277 225]]]
122 [[[269 223]]	[[270 224]]	[[270 225]]	[[269 226]]	[[268 226]]	[[267 225]]]
123 [[[258 224]]	[[259 223]]	[[261 225]]	[[260 226]]	[[259 226]]	[[258 225]]]
124 [[[422 223]]	[[423 222]]	[[424 223]]	[[424 224]]	[[423 225]]	[[422 224]]]
125 [[[412 223]]	[[413 222]]	[[414 222]]	[[415 223]]	[[415 224]]	[[414 225]]	[[413 225]]	[[412 224]]]
126 [[[403 223]]	[[404 222]]	[[405 223]]	[[405 224]]	[[404 225]]	[[403 224]]]
127 [[[393 223]]	[[394 222]]	[[395 222]]	[[396 223]]	[[396 224]]	[[395 225]]	[[394 225]]	[[393 224]]]
128 [[[384 223]]	[[385 222]]	[[386 223]]	[[386 224]]	[[385 225]]	[[384 224]]]
129 [[[376 222]]	[[377 223]]	[[377 224]]	[[376 225]]	[[375 225]]	[[374 224]]]
130 [[[366 222]]	[[367 223]]	[[367 224]]	[[366 225]]	[[365 225]]	[[364 224]]]
131 [[[287 215]]	[[288 214]]	[[289 214]]	[[290 215]]	[[289 216]]	[[288 216]]]
132 [[[277 215]]	[[278 214]]	[[279 214]]	[[280 215]]	[[280 216]]	[[279 217]]]
133 [[[267 215]]	[[268 214]]	[[269 214]]	[[270 215]]	[[270 216]]	[[269 217]]]
134 [[[258 215]]	[[259 214]]	[[260 214]]	[[261 215]]	[[259 217]]	[[258 216]]]
135 [[[248 215]]	[[249 214]]	[[250 214]]	[[251 215]]	[[251 216]]	[[250 217]]	[[249 217]]	[[248 216]]]
136 [[[238 215]]	[[239 214]]	[[240 214]]	[[241 215]]	[[241 216]]	[[240 217]]	[[239 217]]	[[238 216]]]
137 [[[228 215]]	[[229 214]]	[[230 214]]	[[231 215]]	[[231 216]]	[[230 217]]	[[229 217]]	[[228 216]]]
138 [[[218 215]]	[[219 214]]	[[220 214]]	[[221 215]]	[[221 216]]	[[220 217]]]
139 [[[209 215]]	[[210 214]]	[[211 214]]	[[212 215]]	[[212 216]]	[[211 217]]	[[210 217]]	[[209 216]]]
140 [[[199 215]]	[[200 214]]	[[201 214]]	[[202 215]]	[[202 216]]	[[201 217]]	[[200 217]]	[[199 216]]]
141 [[[189 215]]	[[190 214]]	[[191 214]]	[[192 215]]	[[192 216]]	[[191 217]]	[[190 217]]	[[189 216]]]
142 [[[179 215]]	[[180 214]]	[[181 214]]	[[182 215]]	[[182 216]]	[[181 217]]	[[180 217]]	[[179 216]]]
143 [[[374 214]]	[[375 213]]	[[376 213]]	[[377 214]]	[[377 215]]	[[376 216]]]
144 [[[364 214]]	[[365 213]]	[[366 213]]	[[367 214]]	[[367 215]]	[[366 216]]]
145 [[[355 214]]	[[356 213]]	[[357 213]]	[[358 214]]	[[358 215]]	[[357 216]]	[[356 216]]	[[355 215]]]
146 [[[345 214]]	[[346 213]]	[[347 213]]	[[348 214]]	[[348 215]]	[[347 216]]	[[346 216]]	[[345 215]]]
147 [[[336 214]]	[[337 213]]	[[338 214]]	[[338 215]]	[[337 216]]	[[336 215]]]
148 [[[326 214]]	[[327 213]]	[[328 213]]	[[329 214]]	[[329 215]]	[[328 216]]	[[327 216]]	[[326 215]]]
149 [[[316 214]]	[[317 213]]	[[318 213]]	[[319 214]]	[[319 215]]	[[318 216]]	[[317 216]]	[[316 215]]]
150 [[[308 213]]	[[309 214]]	[[309 215]]	[[308 216]]	[[307 216]]	[[306 215]]]
151 [[[297 214]]	[[298 213]]	[[300 215]]	[[299 216]]	[[298 216]]	[[297 215]]]
152 [[[422 213]]	[[423 212]]	[[424 213]]	[[424 214]]	[[423 215]]	[[422 214]]]
153 [[[412 213]]	[[413 212]]	[[414 212]]	[[415 213]]	[[415 214]]	[[414 215]]	[[413 215]]	[[412 214]]]
154 [[[403 213]]	[[404 212]]	[[406 214]]	[[405 215]]	[[404 215]]	[[403 214]]]
155 [[[395 212]]	[[396 213]]	[[396 214]]	[[395 215]]	[[394 215]]	[[393 214]]]
156 [[[384 213]]	[[385 212]]	[[387 214]]	[[385 216]]	[[384 215]]]
157 [[[287 205]]	[[288 204]]	[[289 204]]	[[290 205]]	[[290 206]]	[[289 207]]	[[288 207]]	[[287 206]]]
158 [[[277 205]]	[[278 204]]	[[279 204]]	[[280 205]]	[[280 206]]	[[279 207]]]
159 [[[267 205]]	[[268 204]]	[[269 204]]	[[270 205]]	[[270 206]]	[[269 207]]]
160 [[[258 205]]	[[259 204]]	[[260 204]]	[[261 205]]	[[259 207]]	[[258 206]]]
161 [[[248 205]]	[[249 204]]	[[250 204]]	[[251 205]]	[[251 206]]	[[250 207]]	[[249 207]]	[[248 206]]]
162 [[[238 205]]	[[239 204]]	[[240 204]]	[[241 205]]	[[241 206]]	[[240 207]]	[[239 207]]	[[238 206]]]
163 [[[228 205]]	[[229 204]]	[[230 204]]	[[231 205]]	[[231 206]]	[[230 207]]	[[229 207]]	[[228 206]]]
164 [[[220 204]]	[[221 205]]	[[221 206]]	[[220 207]]	[[219 207]]	[[218 206]]]
165 [[[209 205]]	[[210 204]]	[[211 204]]	[[212 205]]	[[212 206]]	[[211 207]]	[[210 207]]	[[209 206]]]
166 [[[199 205]]	[[200 204]]	[[201 204]]	[[202 205]]	[[202 206]]	[[201 207]]	[[200 207]]	[[199 206]]]
167 [[[189 205]]	[[190 204]]	[[191 204]]	[[192 205]]	[[192 206]]	[[191 207]]	[[190 207]]	[[189 206]]]
168 [[[179 205]]	[[180 204]]	[[181 204]]	[[182 205]]	[[182 206]]	[[181 207]]	[[180 207]]	[[179 206]]]
169 [[[393 204]]	[[394 203]]	[[395 203]]	[[396 204]]	[[396 205]]	[[395 206]]]
170 [[[384 204]]	[[385 203]]	[[386 203]]	[[387 204]]	[[385 206]]	[[384 205]]]
171 [[[374 204]]	[[375 203]]	[[376 203]]	[[377 204]]	[[377 205]]	[[376 206]]	[[375 206]]	[[374 205]]]
172 [[[365 204]]	[[366 203]]	[[367 204]]	[[367 205]]	[[366 206]]	[[365 205]]]
173 [[[355 204]]	[[356 203]]	[[357 203]]	[[358 204]]	[[358 205]]	[[357 206]]	[[356 206]]	[[355 205]]]
174 [[[345 204]]	[[346 203]]	[[347 203]]	[[348 204]]	[[348 205]]	[[347 206]]	[[346 206]]	[[345 205]]]
175 [[[336 204]]	[[337 203]]	[[339 205]]	[[338 206]]	[[337 206]]	[[336 205]]]
176 [[[326 204]]	[[327 203]]	[[328 203]]	[[329 204]]	[[329 205]]	[[328 206]]	[[327 206]]	[[326 205]]]
177 [[[316 204]]	[[317 203]]	[[318 203]]	[[319 204]]	[[319 205]]	[[318 206]]	[[317 206]]	[[316 205]]]
178 [[[308 203]]	[[309 204]]	[[309 206]]	[[308 207]]	[[306 205]]]
179 [[[297 204]]	[[298 203]]	[[300 205]]	[[298 207]]	[[297 206]]]
180 [[[422 203]]	[[423 202]]	[[424 203]]	[[424 204]]	[[423 205]]	[[422 204]]]
181 [[[414 202]]	[[415 203]]	[[415 204]]	[[414 205]]	[[413 205]]	[[412 204]]]
182 [[[403 203]]	[[404 202]]	[[406 204]]	[[404 206]]	[[403 205]]]
183 [[[316 195]]	[[317 194]]	[[318 194]]	[[319 195]]	[[319 196]]	[[318 197]]]
184 [[[306 195]]	[[307 194]]	[[308 194]]	[[309 195]]	[[309 196]]	[[308 197]]]
185 [[[297 195]]	[[298 194]]	[[299 194]]	[[300 195]]	[[298 197]]	[[297 196]]]
186 [[[287 195]]	[[288 194]]	[[289 194]]	[[290 195]]	[[290 196]]	[[289 197]]	[[288 197]]	[[287 196]]]
187 [[[277 195]]	[[278 194]]	[[279 194]]	[[280 195]]	[[280 196]]	[[279 197]]	[[278 197]]	[[277 196]]]
188 [[[267 195]]	[[268 194]]	[[269 194]]	[[270 195]]	[[270 196]]	[[269 197]]	[[268 197]]	[[267 196]]]
189 [[[258 195]]	[[259 194]]	[[260 194]]	[[261 195]]	[[261 196]]	[[260 197]]	[[259 197]]	[[258 196]]]
190 [[[248 195]]	[[249 194]]	[[250 194]]	[[251 195]]	[[251 196]]	[[250 197]]	[[249 197]]	[[248 196]]]
191 [[[238 195]]	[[239 194]]	[[240 194]]	[[241 195]]	[[241 196]]	[[240 197]]	[[239 197]]	[[238 196]]]
192 [[[228 195]]	[[229 194]]	[[230 194]]	[[231 195]]	[[231 196]]	[[230 197]]	[[229 197]]	[[228 196]]]
193 [[[220 194]]	[[221 195]]	[[221 196]]	[[220 197]]	[[219 197]]	[[218 196]]]
194 [[[209 195]]	[[210 194]]	[[212 196]]	[[211 197]]	[[210 197]]	[[209 196]]]
195 [[[199 195]]	[[200 194]]	[[202 196]]	[[201 197]]	[[200 197]]	[[199 196]]]
196 [[[189 195]]	[[190 194]]	[[191 194]]	[[192 195]]	[[192 196]]	[[191 197]]	[[190 197]]	[[189 196]]]
197 [[[179 195]]	[[180 194]]	[[181 194]]	[[182 195]]	[[182 196]]	[[181 197]]	[[180 197]]	[[179 196]]]
198 [[[422 194]]	[[423 193]]	[[424 193]]	[[425 194]]	[[423 196]]	[[422 195]]]
199 [[[412 194]]	[[413 193]]	[[414 193]]	[[415 194]]	[[415 195]]	[[414 196]]]
200 [[[403 194]]	[[404 193]]	[[405 193]]	[[406 194]]	[[404 196]]	[[403 195]]]
201 [[[393 194]]	[[394 193]]	[[395 193]]	[[396 194]]	[[396 195]]	[[395 196]]	[[394 196]]	[[393 195]]]
202 [[[384 194]]	[[385 193]]	[[386 193]]	[[387 194]]	[[385 196]]	[[384 195]]]
203 [[[374 194]]	[[375 193]]	[[376 193]]	[[377 194]]	[[377 195]]	[[376 196]]	[[375 196]]	[[374 195]]]
204 [[[366 193]]	[[367 194]]	[[367 195]]	[[366 196]]	[[365 196]]	[[364 195]]]
205 [[[355 194]]	[[356 193]]	[[357 193]]	[[358 194]]	[[358 195]]	[[357 196]]	[[356 196]]	[[355 195]]]
206 [[[345 194]]	[[346 193]]	[[347 193]]	[[348 194]]	[[348 195]]	[[347 196]]	[[346 196]]	[[345 195]]]
207 [[[337 193]]	[[339 195]]	[[338 196]]	[[336 196]]	[[335 195]]]
208 [[[326 194]]	[[327 193]]	[[329 195]]	[[327 197]]	[[326 196]]]
209 [[[179 186]]	[[180 185]]	[[181 185]]	[[182 186]]	[[181 187]]	[[180 187]]]
210 [[[326 185]]	[[327 184]]	[[328 184]]	[[329 185]]	[[327 187]]	[[326 186]]]
211 [[[316 185]]	[[317 184]]	[[318 184]]	[[319 185]]	[[319 186]]	[[318 187]]	[[317 187]]	[[316 186]]]
212 [[[306 185]]	[[307 184]]	[[308 184]]	[[309 185]]	[[309 186]]	[[308 187]]]
213 [[[297 185]]	[[298 184]]	[[299 184]]	[[300 185]]	[[298 187]]	[[297 186]]]
214 [[[287 185]]	[[288 184]]	[[289 184]]	[[290 185]]	[[290 186]]	[[289 187]]	[[288 187]]	[[287 186]]]
215 [[[277 185]]	[[278 184]]	[[279 184]]	[[280 185]]	[[280 186]]	[[279 187]]	[[278 187]]	[[277 186]]]
216 [[[267 185]]	[[268 184]]	[[269 184]]	[[270 185]]	[[270 186]]	[[269 187]]	[[268 187]]	[[267 186]]]
217 [[[258 185]]	[[259 184]]	[[261 186]]	[[260 187]]	[[259 187]]	[[258 186]]]
218 [[[248 185]]	[[249 184]]	[[250 184]]	[[251 185]]	[[251 186]]	[[250 187]]	[[249 187]]	[[248 186]]]
219 [[[238 185]]	[[239 184]]	[[240 184]]	[[241 185]]	[[241 186]]	[[240 187]]	[[239 187]]	[[238 186]]]
220 [[[228 185]]	[[229 184]]	[[230 184]]	[[231 185]]	[[231 186]]	[[230 187]]	[[229 187]]	[[228 186]]]
221 [[[220 184]]	[[221 185]]	[[221 186]]	[[220 187]]	[[219 187]]	[[218 186]]]
222 [[[210 184]]	[[212 186]]	[[210 188]]	[[208 186]]]
223 [[[199 185]]	[[200 184]]	[[202 186]]	[[201 187]]	[[200 187]]	[[199 186]]]
224 [[[189 185]]	[[190 184]]	[[192 186]]	[[191 187]]	[[190 187]]	[[189 186]]]
225 [[[422 184]]	[[423 183]]	[[424 183]]	[[425 184]]	[[423 186]]	[[422 185]]]
226 [[[412 184]]	[[413 183]]	[[414 183]]	[[415 184]]	[[415 185]]	[[414 186]]	[[413 186]]	[[412 185]]]
227 [[[403 184]]	[[404 183]]	[[405 183]]	[[406 184]]	[[406 185]]	[[405 186]]	[[404 186]]	[[403 185]]]
228 [[[393 184]]	[[394 183]]	[[395 183]]	[[396 184]]	[[396 185]]	[[395 186]]	[[394 186]]	[[393 185]]]
229 [[[384 184]]	[[385 183]]	[[387 185]]	[[386 186]]	[[385 186]]	[[384 185]]]
230 [[[374 184]]	[[375 183]]	[[376 183]]	[[377 184]]	[[377 185]]	[[376 186]]	[[375 186]]	[[374 185]]]
231 [[[366 183]]	[[368 185]]	[[367 186]]	[[365 186]]	[[364 185]]]
232 [[[355 184]]	[[356 183]]	[[358 185]]	[[357 186]]	[[356 186]]	[[355 185]]]
233 [[[347 183]]	[[348 184]]	[[348 185]]	[[347 186]]	[[346 186]]	[[345 185]]]
234 [[[337 183]]	[[339 185]]	[[337 187]]	[[335 185]]]
235 [[[218 176]]	[[219 175]]	[[220 175]]	[[221 176]]	[[220 177]]	[[219 177]]]
236 [[[189 176]]	[[190 175]]	[[191 175]]	[[192 176]]	[[190 178]]	[[189 177]]]
237 [[[179 176]]	[[180 175]]	[[181 175]]	[[182 176]]	[[182 177]]	[[181 178]]	[[180 178]]	[[179 177]]]
238 [[[355 175]]	[[356 174]]	[[357 174]]	[[358 175]]	[[356 177]]	[[355 176]]]
239 [[[345 175]]	[[346 174]]	[[347 174]]	[[348 175]]	[[348 176]]	[[347 177]]]
240 [[[335 175]]	[[336 174]]	[[337 174]]	[[338 175]]	[[338 176]]	[[337 177]]]
241 [[[326 175]]	[[327 174]]	[[328 174]]	[[329 175]]	[[329 176]]	[[328 177]]	[[327 177]]	[[326 176]]]
242 [[[316 175]]	[[317 174]]	[[318 174]]	[[319 175]]	[[319 176]]	[[318 177]]	[[317 177]]	[[316 176]]]
243 [[[306 175]]	[[307 174]]	[[308 174]]	[[309 175]]	[[309 176]]	[[308 177]]	[[307 177]]	[[306 176]]]
244 [[[297 175]]	[[298 174]]	[[299 174]]	[[300 175]]	[[300 176]]	[[299 177]]	[[298 177]]	[[297 176]]]
245 [[[287 175]]	[[288 174]]	[[289 174]]	[[290 175]]	[[290 176]]	[[289 177]]	[[288 177]]	[[287 176]]]
246 [[[277 175]]	[[278 174]]	[[279 174]]	[[280 175]]	[[280 176]]	[[279 177]]	[[278 177]]	[[277 176]]]
247 [[[267 175]]	[[268 174]]	[[269 174]]	[[270 175]]	[[270 176]]	[[269 177]]	[[268 177]]	[[267 176]]]
248 [[[259 174]]	[[261 176]]	[[260 177]]	[[258 177]]	[[257 176]]]
249 [[[248 175]]	[[249 174]]	[[251 176]]	[[250 177]]	[[249 177]]	[[248 176]]]
250 [[[238 175]]	[[239 174]]	[[241 176]]	[[240 177]]	[[239 177]]	[[238 176]]]
251 [[[230 174]]	[[231 175]]	[[231 176]]	[[230 177]]	[[229 177]]	[[228 176]]]
252 [[[210 174]]	[[211 175]]	[[211 176]]	[[210 177]]	[[209 177]]	[[208 176]]]
253 [[[199 175]]	[[200 174]]	[[202 176]]	[[200 178]]	[[199 177]]]
254 [[[422 174]]	[[423 173]]	[[425 175]]	[[424 176]]	[[423 176]]	[[422 175]]]
255 [[[412 174]]	[[413 173]]	[[414 173]]	[[415 174]]	[[415 175]]	[[414 176]]	[[413 176]]	[[412 175]]]
256 [[[403 174]]	[[404 173]]	[[406 175]]	[[405 176]]	[[404 176]]	[[403 175]]]
257 [[[393 174]]	[[394 173]]	[[395 173]]	[[396 174]]	[[396 175]]	[[395 176]]	[[394 176]]	[[393 175]]]
258 [[[384 174]]	[[385 173]]	[[387 175]]	[[386 176]]	[[385 176]]	[[384 175]]]
259 [[[374 174]]	[[375 173]]	[[376 173]]	[[377 174]]	[[377 175]]	[[376 176]]	[[375 176]]	[[374 175]]]
260 [[[366 173]]	[[367 174]]	[[367 176]]	[[366 177]]	[[364 175]]]
261 [[[228 166]]	[[229 165]]	[[230 165]]	[[231 166]]	[[230 167]]	[[229 167]]]
262 [[[218 166]]	[[219 165]]	[[220 165]]	[[221 166]]	[[221 167]]	[[220 168]]]
263 [[[208 166]]	[[209 165]]	[[210 165]]	[[211 166]]	[[211 167]]	[[210 168]]]
264 [[[199 166]]	[[200 165]]	[[201 166]]	[[201 167]]	[[200 168]]	[[199 167]]]
265 [[[189 166]]	[[190 165]]	[[191 165]]	[[192 166]]	[[190 168]]	[[189 167]]]
266 [[[179 166]]	[[180 165]]	[[181 165]]	[[182 166]]	[[182 167]]	[[181 168]]	[[180 168]]	[[179 167]]]
267 [[[393 165]]	[[394 164]]	[[395 164]]	[[396 165]]	[[395 166]]	[[394 166]]]
268 [[[374 165]]	[[375 164]]	[[376 164]]	[[377 165]]	[[377 166]]	[[376 167]]	[[375 167]]	[[374 166]]]
269 [[[364 165]]	[[365 164]]	[[367 164]]	[[368 165]]	[[366 167]]]
270 [[[355 165]]	[[356 164]]	[[357 164]]	[[358 165]]	[[358 166]]	[[357 167]]	[[356 167]]	[[355 166]]]
271 [[[345 165]]	[[346 164]]	[[347 164]]	[[348 165]]	[[348 166]]	[[347 167]]	[[346 167]]	[[345 166]]]
272 [[[335 165]]	[[336 164]]	[[337 164]]	[[338 165]]	[[338 166]]	[[337 167]]]
273 [[[326 165]]	[[327 164]]	[[328 164]]	[[329 165]]	[[329 166]]	[[328 167]]	[[327 167]]	[[326 166]]]
274 [[[316 165]]	[[317 164]]	[[318 164]]	[[319 165]]	[[319 166]]	[[318 167]]	[[317 167]]	[[316 166]]]
275 [[[306 165]]	[[307 164]]	[[308 164]]	[[309 165]]	[[309 166]]	[[308 167]]	[[307 167]]	[[306 166]]]
276 [[[297 165]]	[[298 164]]	[[300 166]]	[[299 167]]	[[298 167]]	[[297 166]]]
277 [[[287 165]]	[[288 164]]	[[289 164]]	[[290 165]]	[[290 166]]	[[289 167]]	[[288 167]]	[[287 166]]]
278 [[[277 165]]	[[278 164]]	[[279 164]]	[[280 165]]	[[280 166]]	[[279 167]]	[[278 167]]	[[277 166]]]
279 [[[267 165]]	[[268 164]]	[[269 164]]	[[270 165]]	[[270 166]]	[[269 167]]	[[268 167]]	[[267 166]]]
280 [[[259 164]]	[[261 166]]	[[260 167]]	[[258 167]]	[[257 166]]]
281 [[[249 164]]	[[251 166]]	[[249 168]]	[[247 166]]]
282 [[[238 165]]	[[239 164]]	[[241 166]]	[[239 168]]	[[238 167]]]
283 [[[422 164]]	[[423 163]]	[[425 165]]	[[424 166]]	[[423 166]]	[[422 165]]]
284 [[[414 163]]	[[415 164]]	[[415 165]]	[[414 166]]	[[413 166]]	[[412 165]]]
285 [[[403 164]]	[[404 163]]	[[406 165]]	[[405 166]]	[[404 166]]	[[403 165]]]
286 [[[384 164]]	[[385 163]]	[[387 165]]	[[385 167]]	[[384 166]]]
287 [[[238 156]]	[[239 155]]	[[240 155]]	[[241 156]]	[[239 158]]	[[238 157]]]
288 [[[228 156]]	[[229 155]]	[[230 155]]	[[231 156]]	[[231 157]]	[[230 158]]	[[229 158]]	[[228 157]]]
289 [[[218 156]]	[[219 155]]	[[220 155]]	[[221 156]]	[[221 157]]	[[220 158]]	[[219 158]]	[[218 157]]]
290 [[[208 156]]	[[209 155]]	[[210 155]]	[[211 156]]	[[211 157]]	[[210 158]]]
291 [[[199 156]]	[[200 155]]	[[201 156]]	[[201 157]]	[[200 158]]	[[199 157]]]
292 [[[189 156]]	[[190 155]]	[[191 155]]	[[192 156]]	[[192 157]]	[[191 158]]	[[190 158]]	[[189 157]]]
293 [[[179 156]]	[[180 155]]	[[181 155]]	[[182 156]]	[[182 157]]	[[181 158]]	[[180 158]]	[[179 157]]]
294 [[[412 155]]	[[413 154]]	[[414 154]]	[[415 155]]	[[414 156]]	[[413 156]]]
295 [[[403 155]]	[[404 154]]	[[405 154]]	[[406 155]]	[[404 157]]	[[403 156]]]
296 [[[393 155]]	[[394 154]]	[[395 154]]	[[396 155]]	[[396 156]]	[[395 157]]]
297 [[[384 155]]	[[385 154]]	[[386 154]]	[[387 155]]	[[385 157]]	[[384 156]]]
298 [[[374 155]]	[[375 154]]	[[376 154]]	[[377 155]]	[[377 156]]	[[376 157]]	[[375 157]]	[[374 156]]]
299 [[[364 155]]	[[365 154]]	[[366 154]]	[[367 155]]	[[367 156]]	[[366 157]]]
300 [[[355 155]]	[[356 154]]	[[357 154]]	[[358 155]]	[[358 156]]	[[357 157]]	[[356 157]]	[[355 156]]]
301 [[[345 155]]	[[346 154]]	[[347 154]]	[[348 155]]	[[348 156]]	[[347 157]]	[[346 157]]	[[345 156]]]
302 [[[335 155]]	[[336 154]]	[[337 154]]	[[338 155]]	[[338 156]]	[[337 157]]	[[336 157]]	[[335 156]]]
303 [[[326 155]]	[[327 154]]	[[328 154]]	[[329 155]]	[[329 156]]	[[328 157]]	[[327 157]]	[[326 156]]]
304 [[[316 155]]	[[317 154]]	[[318 154]]	[[319 155]]	[[319 156]]	[[318 157]]	[[317 157]]	[[316 156]]]
305 [[[306 155]]	[[307 154]]	[[308 154]]	[[309 155]]	[[309 156]]	[[308 157]]	[[307 157]]	[[306 156]]]
306 [[[298 154]]	[[299 155]]	[[299 156]]	[[298 157]]	[[297 157]]	[[296 156]]]
307 [[[287 155]]	[[288 154]]	[[290 156]]	[[289 157]]	[[288 157]]	[[287 156]]]
308 [[[277 155]]	[[278 154]]	[[279 154]]	[[280 155]]	[[280 156]]	[[279 157]]	[[278 157]]	[[277 156]]]
309 [[[269 154]]	[[270 155]]	[[270 156]]	[[269 157]]	[[268 157]]	[[267 156]]]
310 [[[259 154]]	[[260 155]]	[[260 157]]	[[259 158]]	[[257 156]]]
311 [[[249 154]]	[[251 156]]	[[249 158]]	[[247 156]]]
312 [[[422 154]]	[[423 153]]	[[425 155]]	[[423 157]]	[[422 156]]]
313 [[[267 146]]	[[268 145]]	[[269 145]]	[[270 146]]	[[270 147]]	[[269 148]]]
314 [[[257 146]]	[[258 145]]	[[259 145]]	[[260 146]]	[[260 147]]	[[259 148]]]
315 [[[247 146]]	[[248 145]]	[[250 145]]	[[251 146]]	[[249 148]]]
316 [[[238 146]]	[[239 145]]	[[240 145]]	[[241 146]]	[[239 148]]	[[238 147]]]
317 [[[228 146]]	[[229 145]]	[[230 145]]	[[231 146]]	[[231 147]]	[[230 148]]	[[229 148]]	[[228 147]]]
318 [[[218 146]]	[[219 145]]	[[220 145]]	[[221 146]]	[[221 147]]	[[220 148]]	[[219 148]]	[[218 147]]]
319 [[[208 146]]	[[209 145]]	[[210 145]]	[[211 146]]	[[211 147]]	[[210 148]]	[[209 148]]	[[208 147]]]
320 [[[198 146]]	[[199 145]]	[[200 145]]	[[201 146]]	[[201 147]]	[[200 148]]]
321 [[[189 146]]	[[190 145]]	[[191 146]]	[[191 147]]	[[190 148]]	[[189 147]]]
322 [[[179 146]]	[[180 145]]	[[181 145]]	[[182 146]]	[[182 147]]	[[181 148]]	[[180 148]]	[[179 147]]]
323 [[[422 145]]	[[423 144]]	[[424 144]]	[[425 145]]	[[423 147]]	[[422 146]]]
324 [[[412 145]]	[[413 144]]	[[414 144]]	[[415 145]]	[[415 146]]	[[414 147]]	[[413 147]]	[[412 146]]]
325 [[[403 145]]	[[404 144]]	[[405 144]]	[[406 145]]	[[404 147]]	[[403 146]]]
326 [[[393 145]]	[[394 144]]	[[395 144]]	[[396 145]]	[[396 146]]	[[395 147]]	[[394 147]]	[[393 146]]]
327 [[[384 145]]	[[385 144]]	[[386 145]]	[[386 146]]	[[385 147]]	[[384 146]]]
328 [[[374 145]]	[[375 144]]	[[376 144]]	[[377 145]]	[[377 146]]	[[376 147]]	[[375 147]]	[[374 146]]]
329 [[[364 145]]	[[365 144]]	[[366 144]]	[[367 145]]	[[367 146]]	[[366 147]]	[[365 147]]	[[364 146]]]
330 [[[355 145]]	[[356 144]]	[[357 144]]	[[358 145]]	[[358 146]]	[[357 147]]	[[356 147]]	[[355 146]]]
331 [[[345 145]]	[[346 144]]	[[347 144]]	[[348 145]]	[[348 146]]	[[347 147]]	[[346 147]]	[[345 146]]]
332 [[[337 144]]	[[338 145]]	[[338 146]]	[[337 147]]	[[336 147]]	[[335 146]]]
333 [[[326 145]]	[[327 144]]	[[329 146]]	[[328 147]]	[[327 147]]	[[326 146]]]
334 [[[316 145]]	[[317 144]]	[[318 144]]	[[319 145]]	[[319 146]]	[[318 147]]	[[317 147]]	[[316 146]]]
335 [[[308 144]]	[[309 145]]	[[309 146]]	[[308 147]]	[[307 147]]	[[306 146]]]
336 [[[298 144]]	[[300 146]]	[[299 147]]	[[297 147]]	[[296 146]]]
337 [[[287 145]]	[[288 144]]	[[290 146]]	[[289 147]]	[[288 147]]	[[287 146]]]
338 [[[277 145]]	[[278 144]]	[[280 146]]	[[279 147]]	[[278 147]]	[[277 146]]]
339 [[[306 136]]	[[307 135]]	[[308 135]]	[[309 136]]	[[308 137]]	[[307 137]]]
340 [[[277 136]]	[[278 135]]	[[279 135]]	[[280 136]]	[[280 137]]	[[279 138]]	[[278 138]]	[[277 137]]]
341 [[[267 136]]	[[268 135]]	[[269 135]]	[[270 136]]	[[270 137]]	[[269 138]]	[[268 138]]	[[267 137]]]
342 [[[257 136]]	[[258 135]]	[[259 135]]	[[260 136]]	[[260 137]]	[[259 138]]	[[258 138]]	[[257 137]]]
343 [[[247 136]]	[[248 135]]	[[249 135]]	[[250 136]]	[[250 137]]	[[249 138]]]
344 [[[238 136]]	[[239 135]]	[[240 135]]	[[241 136]]	[[239 138]]	[[238 137]]]
345 [[[228 136]]	[[229 135]]	[[230 135]]	[[231 136]]	[[231 137]]	[[230 138]]	[[229 138]]	[[228 137]]]
346 [[[218 136]]	[[219 135]]	[[220 135]]	[[221 136]]	[[221 137]]	[[220 138]]	[[219 138]]	[[218 137]]]
347 [[[208 136]]	[[209 135]]	[[210 135]]	[[211 136]]	[[211 137]]	[[210 138]]	[[209 138]]	[[208 137]]]
348 [[[198 136]]	[[199 135]]	[[200 135]]	[[201 136]]	[[201 137]]	[[200 138]]	[[199 138]]	[[198 137]]]
349 [[[189 136]]	[[190 135]]	[[191 136]]	[[191 137]]	[[190 138]]	[[189 137]]]
350 [[[179 136]]	[[180 135]]	[[181 135]]	[[182 136]]	[[180 138]]	[[179 137]]]
351 [[[422 135]]	[[423 134]]	[[424 135]]	[[424 136]]	[[423 137]]	[[422 136]]]
352 [[[412 135]]	[[413 134]]	[[414 134]]	[[415 135]]	[[415 136]]	[[414 137]]	[[413 137]]	[[412 136]]]
353 [[[403 135]]	[[404 134]]	[[405 135]]	[[405 136]]	[[404 137]]	[[403 136]]]
354 [[[393 135]]	[[394 134]]	[[395 134]]	[[396 135]]	[[396 136]]	[[395 137]]	[[394 137]]	[[393 136]]]
355 [[[384 135]]	[[385 134]]	[[386 135]]	[[386 136]]	[[385 137]]	[[384 136]]]
356 [[[374 135]]	[[375 134]]	[[376 134]]	[[377 135]]	[[377 136]]	[[376 137]]	[[375 137]]	[[374 136]]]
357 [[[364 135]]	[[365 134]]	[[366 134]]	[[367 135]]	[[367 136]]	[[366 137]]	[[365 137]]	[[364 136]]]
358 [[[355 135]]	[[356 134]]	[[358 136]]	[[357 137]]	[[356 137]]	[[355 136]]]
359 [[[345 135]]	[[346 134]]	[[347 134]]	[[348 135]]	[[348 136]]	[[347 137]]	[[346 137]]	[[345 136]]]
360 [[[337 134]]	[[338 135]]	[[338 136]]	[[337 137]]	[[336 137]]	[[335 136]]]
361 [[[326 135]]	[[327 134]]	[[329 136]]	[[328 137]]	[[327 137]]	[[326 136]]]
362 [[[316 135]]	[[317 134]]	[[319 136]]	[[318 137]]	[[317 137]]	[[316 136]]]
363 [[[298 134]]	[[299 135]]	[[299 137]]	[[298 138]]	[[296 136]]]
364 [[[287 135]]	[[288 134]]	[[290 136]]	[[288 138]]	[[287 137]]]
365 [[[316 126]]	[[317 125]]	[[318 125]]	[[319 126]]	[[317 128]]	[[316 127]]]
366 [[[306 126]]	[[307 125]]	[[308 125]]	[[309 126]]	[[309 127]]	[[308 128]]	[[307 128]]	[[306 127]]]
367 [[[296 126]]	[[297 125]]	[[298 125]]	[[299 126]]	[[299 127]]	[[298 128]]]
368 [[[286 126]]	[[287 125]]	[[288 125]]	[[289 126]]	[[289 127]]	[[288 128]]]
369 [[[277 126]]	[[278 125]]	[[279 125]]	[[280 126]]	[[280 127]]	[[279 128]]	[[278 128]]	[[277 127]]]
370 [[[267 126]]	[[268 125]]	[[269 125]]	[[270 126]]	[[270 127]]	[[269 128]]	[[268 128]]	[[267 127]]]
371 [[[257 126]]	[[258 125]]	[[259 125]]	[[260 126]]	[[260 127]]	[[259 128]]	[[258 128]]	[[257 127]]]
372 [[[247 126]]	[[248 125]]	[[249 125]]	[[250 126]]	[[250 127]]	[[249 128]]	[[248 128]]	[[247 127]]]
373 [[[238 126]]	[[239 125]]	[[240 126]]	[[240 127]]	[[239 128]]	[[238 127]]]
374 [[[228 126]]	[[229 125]]	[[230 125]]	[[231 126]]	[[231 127]]	[[230 128]]	[[229 128]]	[[228 127]]]
375 [[[218 126]]	[[219 125]]	[[220 125]]	[[221 126]]	[[221 127]]	[[220 128]]	[[219 128]]	[[218 127]]]
376 [[[208 126]]	[[209 125]]	[[210 125]]	[[211 126]]	[[211 127]]	[[210 128]]	[[209 128]]	[[208 127]]]
377 [[[198 126]]	[[199 125]]	[[200 125]]	[[201 126]]	[[201 127]]	[[200 128]]	[[199 128]]	[[198 127]]]
378 [[[190 125]]	[[191 126]]	[[191 127]]	[[190 128]]	[[189 128]]	[[188 127]]]
379 [[[179 126]]	[[180 125]]	[[182 127]]	[[181 128]]	[[180 128]]	[[179 127]]]
380 [[[423 124]]	[[424 125]]	[[424 126]]	[[423 127]]	[[422 127]]	[[421 126]]]
381 [[[412 125]]	[[413 124]]	[[414 124]]	[[415 125]]	[[415 126]]	[[414 127]]	[[413 127]]	[[412 126]]]
382 [[[403 125]]	[[404 124]]	[[405 125]]	[[405 126]]	[[404 127]]	[[403 126]]]
383 [[[393 125]]	[[394 124]]	[[395 124]]	[[396 125]]	[[396 126]]	[[395 127]]	[[394 127]]	[[393 126]]]
384 [[[385 124]]	[[386 125]]	[[386 126]]	[[385 127]]	[[384 127]]	[[383 126]]]
385 [[[374 125]]	[[375 124]]	[[377 126]]	[[376 127]]	[[375 127]]	[[374 126]]]
386 [[[366 124]]	[[367 125]]	[[367 126]]	[[366 127]]	[[365 127]]	[[364 126]]]
387 [[[355 125]]	[[356 124]]	[[358 126]]	[[357 127]]	[[356 127]]	[[355 126]]]
388 [[[345 125]]	[[346 124]]	[[348 126]]	[[347 127]]	[[346 127]]	[[345 126]]]
389 [[[337 124]]	[[338 125]]	[[338 127]]	[[337 128]]	[[335 126]]]
390 [[[327 124]]	[[329 126]]	[[327 128]]	[[325 126]]]
391 [[[364 116]]	[[365 115]]	[[366 115]]	[[367 116]]	[[366 117]]	[[365 117]]]
392 [[[345 116]]	[[346 115]]	[[347 115]]	[[348 116]]	[[346 118]]	[[345 117]]]
393 [[[335 116]]	[[336 115]]	[[337 115]]	[[338 116]]	[[338 117]]	[[337 118]]]
394 [[[325 116]]	[[326 115]]	[[327 115]]	[[328 116]]	[[328 117]]	[[327 118]]]
395 [[[316 116]]	[[317 115]]	[[318 115]]	[[319 116]]	[[317 118]]	[[316 117]]]
396 [[[306 116]]	[[307 115]]	[[308 115]]	[[309 116]]	[[309 117]]	[[308 118]]	[[307 118]]	[[306 117]]]
397 [[[296 116]]	[[297 115]]	[[298 115]]	[[299 116]]	[[299 117]]	[[298 118]]	[[297 118]]	[[296 117]]]
398 [[[286 116]]	[[287 115]]	[[288 115]]	[[289 116]]	[[289 117]]	[[288 118]]]
399 [[[277 116]]	[[278 115]]	[[279 115]]	[[280 116]]	[[280 117]]	[[279 118]]	[[278 118]]	[[277 117]]]
400 [[[267 116]]	[[268 115]]	[[269 115]]	[[270 116]]	[[270 117]]	[[269 118]]	[[268 118]]	[[267 117]]]
401 [[[257 116]]	[[258 115]]	[[259 115]]	[[260 116]]	[[260 117]]	[[259 118]]	[[258 118]]	[[257 117]]]
402 [[[247 116]]	[[248 115]]	[[249 115]]	[[250 116]]	[[250 117]]	[[249 118]]	[[248 118]]	[[247 117]]]
403 [[[239 115]]	[[240 116]]	[[240 117]]	[[239 118]]	[[238 118]]	[[237 117]]]
404 [[[228 116]]	[[229 115]]	[[231 117]]	[[230 118]]	[[229 118]]	[[228 117]]]
405 [[[218 116]]	[[219 115]]	[[220 115]]	[[221 116]]	[[221 117]]	[[220 118]]	[[219 118]]	[[218 117]]]
406 [[[208 116]]	[[209 115]]	[[210 115]]	[[211 116]]	[[211 117]]	[[210 118]]	[[209 118]]	[[208 117]]]
407 [[[198 116]]	[[199 115]]	[[200 115]]	[[201 116]]	[[201 117]]	[[200 118]]	[[199 118]]	[[198 117]]]
408 [[[190 115]]	[[191 116]]	[[191 117]]	[[190 118]]	[[189 118]]	[[188 117]]]
409 [[[180 115]]	[[181 116]]	[[181 117]]	[[180 118]]	[[179 118]]	[[178 117]]]
410 [[[423 114]]	[[424 115]]	[[424 116]]	[[423 117]]	[[422 117]]	[[421 116]]]
411 [[[412 115]]	[[413 114]]	[[415 116]]	[[414 117]]	[[413 117]]	[[412 116]]]
412 [[[404 114]]	[[405 115]]	[[405 116]]	[[404 117]]	[[403 117]]	[[402 116]]]
413 [[[393 115]]	[[394 114]]	[[396 116]]	[[395 117]]	[[394 117]]	[[393 116]]]
414 [[[385 114]]	[[386 115]]	[[386 116]]	[[385 117]]	[[384 117]]	[[383 116]]]
415 [[[374 115]]	[[375 114]]	[[377 116]]	[[376 117]]	[[375 117]]	[[374 116]]]
416 [[[356 114]]	[[357 115]]	[[357 117]]	[[356 118]]	[[354 116]]]
417 [[[178 107]]	[[179 106]]	[[180 106]]	[[181 107]]	[[180 108]]	[[179 108]]]
418 [[[421 106]]	[[422 105]]	[[423 105]]	[[424 106]]	[[423 107]]	[[422 107]]]
419 [[[412 106]]	[[413 105]]	[[414 105]]	[[415 106]]	[[413 108]]	[[412 107]]]
420 [[[402 106]]	[[403 105]]	[[404 105]]	[[405 106]]	[[405 107]]	[[404 108]]]
421 [[[393 106]]	[[394 105]]	[[395 105]]	[[396 106]]	[[394 108]]	[[393 107]]]
422 [[[383 106]]	[[384 105]]	[[385 105]]	[[386 106]]	[[386 107]]	[[385 108]]]
423 [[[374 106]]	[[375 105]]	[[376 105]]	[[377 106]]	[[375 108]]	[[374 107]]]
424 [[[364 106]]	[[365 105]]	[[366 105]]	[[367 106]]	[[367 107]]	[[366 108]]	[[365 108]]	[[364 107]]]
425 [[[354 106]]	[[355 105]]	[[356 105]]	[[357 106]]	[[357 107]]	[[356 108]]]
426 [[[345 106]]	[[346 105]]	[[347 105]]	[[348 106]]	[[346 108]]	[[345 107]]]
427 [[[335 106]]	[[336 105]]	[[337 105]]	[[338 106]]	[[338 107]]	[[337 108]]	[[336 108]]	[[335 107]]]
428 [[[325 106]]	[[326 105]]	[[327 105]]	[[328 106]]	[[328 107]]	[[327 108]]]
429 [[[316 106]]	[[317 105]]	[[318 105]]	[[319 106]]	[[317 108]]	[[316 107]]]
430 [[[306 106]]	[[307 105]]	[[308 105]]	[[309 106]]	[[309 107]]	[[308 108]]	[[307 108]]	[[306 107]]]
431 [[[296 106]]	[[297 105]]	[[298 105]]	[[299 106]]	[[299 107]]	[[298 108]]	[[297 108]]	[[296 107]]]
432 [[[286 106]]	[[287 105]]	[[288 105]]	[[289 106]]	[[289 107]]	[[288 108]]	[[287 108]]	[[286 107]]]
433 [[[277 106]]	[[278 105]]	[[279 105]]	[[280 106]]	[[278 108]]	[[277 107]]]
434 [[[267 106]]	[[268 105]]	[[269 105]]	[[270 106]]	[[270 107]]	[[269 108]]	[[268 108]]	[[267 107]]]
435 [[[257 106]]	[[258 105]]	[[259 105]]	[[260 106]]	[[260 107]]	[[259 108]]	[[258 108]]	[[257 107]]]
436 [[[247 106]]	[[248 105]]	[[249 105]]	[[250 106]]	[[250 107]]	[[249 108]]	[[248 108]]	[[247 107]]]
437 [[[237 106]]	[[238 105]]	[[239 105]]	[[240 106]]	[[240 107]]	[[239 108]]	[[238 108]]	[[237 107]]]
438 [[[229 105]]	[[231 107]]	[[230 108]]	[[228 108]]	[[227 107]]]
439 [[[218 106]]	[[219 105]]	[[221 107]]	[[220 108]]	[[219 108]]	[[218 107]]]
440 [[[208 106]]	[[209 105]]	[[210 105]]	[[211 106]]	[[211 107]]	[[210 108]]	[[209 108]]	[[208 107]]]
441 [[[198 106]]	[[199 105]]	[[200 105]]	[[201 106]]	[[201 107]]	[[200 108]]	[[199 108]]	[[198 107]]]
442 [[[190 105]]	[[191 106]]	[[191 107]]	[[190 108]]	[[189 108]]	[[188 107]]]
443 [[[188  97]]	[[189  96]]	[[190  96]]	[[191  97]]	[[191  98]]	[[190  99]]]
444 [[[178  97]]	[[179  96]]	[[180  96]]	[[181  97]]	[[181  98]]	[[180  99]]]
445 [[[421  96]]	[[422  95]]	[[423  95]]	[[424  96]]	[[424  97]]	[[423  98]]	[[422  98]]	[[421  97]]]
446 [[[412  96]]	[[413  95]]	[[414  95]]	[[415  96]]	[[413  98]]	[[412  97]]]
447 [[[402  96]]	[[403  95]]	[[404  95]]	[[405  96]]	[[405  97]]	[[404  98]]	[[403  98]]	[[402  97]]]
448 [[[393  96]]	[[394  95]]	[[395  95]]	[[396  96]]	[[394  98]]	[[393  97]]]
449 [[[383  96]]	[[384  95]]	[[385  95]]	[[386  96]]	[[386  97]]	[[385  98]]	[[384  98]]	[[383  97]]]
450 [[[373  96]]	[[374  95]]	[[375  95]]	[[376  96]]	[[376  97]]	[[375  98]]]
451 [[[364  96]]	[[365  95]]	[[366  95]]	[[367  96]]	[[367  97]]	[[366  98]]	[[365  98]]	[[364  97]]]
452 [[[354  96]]	[[355  95]]	[[356  95]]	[[357  96]]	[[357  97]]	[[356  98]]	[[355  98]]	[[354  97]]]
453 [[[345  96]]	[[346  95]]	[[347  95]]	[[348  96]]	[[346  98]]	[[345  97]]]
454 [[[335  96]]	[[336  95]]	[[337  95]]	[[338  96]]	[[338  97]]	[[337  98]]	[[336  98]]	[[335  97]]]
455 [[[325  96]]	[[326  95]]	[[327  95]]	[[328  96]]	[[328  97]]	[[327  98]]	[[326  98]]	[[325  97]]]
456 [[[316  96]]	[[317  95]]	[[318  96]]	[[318  97]]	[[317  98]]	[[316  97]]]
457 [[[306  96]]	[[307  95]]	[[308  95]]	[[309  96]]	[[309  97]]	[[308  98]]	[[307  98]]	[[306  97]]]
458 [[[296  96]]	[[297  95]]	[[298  95]]	[[299  96]]	[[299  97]]	[[298  98]]	[[297  98]]	[[296  97]]]
459 [[[286  96]]	[[287  95]]	[[288  95]]	[[289  96]]	[[289  97]]	[[288  98]]	[[287  98]]	[[286  97]]]
460 [[[278  95]]	[[280  97]]	[[279  98]]	[[277  98]]	[[276  97]]]
461 [[[267  96]]	[[268  95]]	[[270  97]]	[[269  98]]	[[268  98]]	[[267  97]]]
462 [[[257  96]]	[[258  95]]	[[259  95]]	[[260  96]]	[[260  97]]	[[259  98]]	[[258  98]]	[[257  97]]]
463 [[[247  96]]	[[248  95]]	[[249  95]]	[[250  96]]	[[250  97]]	[[249  98]]	[[248  98]]	[[247  97]]]
464 [[[237  96]]	[[238  95]]	[[239  95]]	[[240  96]]	[[240  97]]	[[239  98]]	[[238  98]]	[[237  97]]]
465 [[[229  95]]	[[231  97]]	[[230  98]]	[[228  98]]	[[227  97]]]
466 [[[218  96]]	[[219  95]]	[[221  97]]	[[219  99]]	[[218  98]]]
467 [[[208  96]]	[[209  95]]	[[211  97]]	[[210  98]]	[[209  98]]	[[208  97]]]
468 [[[198  96]]	[[199  95]]	[[201  97]]	[[200  98]]	[[199  98]]	[[198  97]]]
469 [[[208  87]]	[[209  86]]	[[210  86]]	[[211  87]]	[[209  89]]	[[208  88]]]
470 [[[198  87]]	[[199  86]]	[[200  86]]	[[201  87]]	[[199  89]]	[[198  88]]]
471 [[[188  87]]	[[189  86]]	[[190  86]]	[[191  87]]	[[191  88]]	[[190  89]]	[[189  89]]	[[188  88]]]
472 [[[178  87]]	[[179  86]]	[[180  86]]	[[181  87]]	[[181  88]]	[[180  89]]	[[179  89]]	[[178  88]]]
473 [[[421  86]]	[[422  85]]	[[423  85]]	[[424  86]]	[[424  87]]	[[423  88]]	[[422  88]]	[[421  87]]]
474 [[[412  86]]	[[413  85]]	[[414  86]]	[[414  87]]	[[413  88]]	[[412  87]]]
475 [[[402  86]]	[[403  85]]	[[404  85]]	[[405  86]]	[[405  87]]	[[404  88]]	[[403  88]]	[[402  87]]]
476 [[[393  86]]	[[394  85]]	[[395  86]]	[[395  87]]	[[394  88]]	[[393  87]]]
477 [[[383  86]]	[[384  85]]	[[385  85]]	[[386  86]]	[[386  87]]	[[385  88]]	[[384  88]]	[[383  87]]]
478 [[[375  85]]	[[376  86]]	[[376  87]]	[[375  88]]	[[374  88]]	[[373  87]]]
479 [[[364  86]]	[[365  85]]	[[366  85]]	[[367  86]]	[[367  87]]	[[366  88]]	[[365  88]]	[[364  87]]]
480 [[[354  86]]	[[355  85]]	[[356  85]]	[[357  86]]	[[357  87]]	[[356  88]]	[[355  88]]	[[354  87]]]
481 [[[345  86]]	[[346  85]]	[[347  86]]	[[347  87]]	[[346  88]]	[[345  87]]]
482 [[[335  86]]	[[336  85]]	[[337  85]]	[[338  86]]	[[338  87]]	[[337  88]]	[[336  88]]	[[335  87]]]
483 [[[325  86]]	[[326  85]]	[[327  85]]	[[328  86]]	[[328  87]]	[[327  88]]	[[326  88]]	[[325  87]]]
484 [[[317  85]]	[[318  86]]	[[318  87]]	[[317  88]]	[[316  88]]	[[315  87]]]
485 [[[306  86]]	[[307  85]]	[[309  87]]	[[308  88]]	[[307  88]]	[[306  87]]]
486 [[[296  86]]	[[297  85]]	[[298  85]]	[[299  86]]	[[299  87]]	[[298  88]]	[[297  88]]	[[296  87]]]
487 [[[286  86]]	[[287  85]]	[[288  85]]	[[289  86]]	[[289  87]]	[[288  88]]	[[287  88]]	[[286  87]]]
488 [[[278  85]]	[[279  86]]	[[279  87]]	[[278  88]]	[[277  88]]	[[276  87]]]
489 [[[267  86]]	[[268  85]]	[[270  87]]	[[269  88]]	[[268  88]]	[[267  87]]]
490 [[[257  86]]	[[258  85]]	[[260  87]]	[[259  88]]	[[258  88]]	[[257  87]]]
491 [[[247  86]]	[[248  85]]	[[249  85]]	[[250  86]]	[[250  87]]	[[249  88]]	[[248  88]]	[[247  87]]]
492 [[[239  85]]	[[240  86]]	[[240  87]]	[[239  88]]	[[238  88]]	[[237  87]]]
493 [[[229  85]]	[[230  86]]	[[230  87]]	[[229  88]]	[[228  88]]	[[227  87]]]
494 [[[219  85]]	[[221  87]]	[[219  89]]	[[217  87]]]
495 [[[237  77]]	[[238  76]]	[[239  76]]	[[240  77]]	[[240  78]]	[[239  79]]]
496 [[[227  77]]	[[228  76]]	[[229  76]]	[[230  77]]	[[230  78]]	[[229  79]]]
497 [[[217  77]]	[[218  76]]	[[219  76]]	[[220  77]]	[[220  78]]	[[219  79]]]
498 [[[207  77]]	[[208  76]]	[[210  76]]	[[211  77]]	[[209  79]]]
499 [[[198  77]]	[[199  76]]	[[200  76]]	[[201  77]]	[[201  78]]	[[200  79]]	[[199  79]]	[[198  78]]]
500 [[[188  77]]	[[189  76]]	[[190  76]]	[[191  77]]	[[191  78]]	[[190  79]]	[[189  79]]	[[188  78]]]
501 [[[178  77]]	[[179  76]]	[[180  76]]	[[181  77]]	[[181  78]]	[[180  79]]	[[179  79]]	[[178  78]]]
502 [[[421  76]]	[[422  75]]	[[423  75]]	[[424  76]]	[[424  77]]	[[423  78]]	[[422  78]]	[[421  77]]]
503 [[[413  75]]	[[414  76]]	[[414  77]]	[[413  78]]	[[412  78]]	[[411  77]]]
504 [[[402  76]]	[[403  75]]	[[404  75]]	[[405  76]]	[[405  77]]	[[404  78]]	[[403  78]]	[[402  77]]]
505 [[[394  75]]	[[395  76]]	[[395  77]]	[[394  78]]	[[393  78]]	[[392  77]]]
506 [[[383  76]]	[[384  75]]	[[385  75]]	[[386  76]]	[[386  77]]	[[385  78]]	[[384  78]]	[[383  77]]]
507 [[[375  75]]	[[376  76]]	[[376  77]]	[[375  78]]	[[374  78]]	[[373  77]]]
508 [[[364  76]]	[[365  75]]	[[367  77]]	[[366  78]]	[[365  78]]	[[364  77]]]
509 [[[354  76]]	[[355  75]]	[[356  75]]	[[357  76]]	[[357  77]]	[[356  78]]	[[355  78]]	[[354  77]]]
510 [[[346  75]]	[[347  76]]	[[347  77]]	[[346  78]]	[[345  78]]	[[344  77]]]
511 [[[335  76]]	[[336  75]]	[[338  77]]	[[337  78]]	[[336  78]]	[[335  77]]]
512 [[[325  76]]	[[326  75]]	[[327  75]]	[[328  76]]	[[328  77]]	[[327  78]]	[[326  78]]	[[325  77]]]
513 [[[317  75]]	[[318  76]]	[[318  77]]	[[317  78]]	[[316  78]]	[[315  77]]]
514 [[[306  76]]	[[307  75]]	[[309  77]]	[[308  78]]	[[307  78]]	[[306  77]]]
515 [[[296  76]]	[[297  75]]	[[299  77]]	[[298  78]]	[[297  78]]	[[296  77]]]
516 [[[286  76]]	[[287  75]]	[[288  75]]	[[289  76]]	[[289  77]]	[[288  78]]	[[287  78]]	[[286  77]]]
517 [[[278  75]]	[[279  76]]	[[279  77]]	[[278  78]]	[[277  78]]	[[276  77]]]
518 [[[268  75]]	[[269  76]]	[[269  77]]	[[268  78]]	[[267  78]]	[[266  77]]]
519 [[[257  76]]	[[258  75]]	[[260  77]]	[[258  79]]	[[257  78]]]
520 [[[247  76]]	[[248  75]]	[[250  77]]	[[248  79]]	[[247  78]]]
521 [[[421  67]]	[[422  66]]	[[423  66]]	[[424  67]]	[[423  68]]	[[422  68]]]
522 [[[411  67]]	[[412  66]]	[[413  66]]	[[414  67]]	[[413  68]]	[[412  68]]]
523 [[[402  67]]	[[403  66]]	[[404  66]]	[[405  67]]	[[404  68]]	[[403  68]]]
524 [[[286  67]]	[[287  66]]	[[288  66]]	[[289  67]]	[[288  68]]	[[287  68]]]
525 [[[276  67]]	[[277  66]]	[[278  66]]	[[279  67]]	[[278  68]]	[[277  68]]]
526 [[[266  67]]	[[267  66]]	[[268  66]]	[[269  67]]	[[269  68]]	[[268  69]]]
527 [[[257  67]]	[[258  66]]	[[259  66]]	[[260  67]]	[[258  69]]	[[257  68]]]
528 [[[247  67]]	[[248  66]]	[[249  66]]	[[250  67]]	[[248  69]]	[[247  68]]]
529 [[[237  67]]	[[238  66]]	[[239  66]]	[[240  67]]	[[240  68]]	[[239  69]]	[[238  69]]	[[237  68]]]
530 [[[227  67]]	[[228  66]]	[[229  66]]	[[230  67]]	[[230  68]]	[[229  69]]	[[228  69]]	[[227  68]]]
531 [[[217  67]]	[[218  66]]	[[219  66]]	[[220  67]]	[[220  68]]	[[219  69]]]
532 [[[207  67]]	[[208  66]]	[[209  66]]	[[210  67]]	[[210  68]]	[[209  69]]]
533 [[[198  67]]	[[199  66]]	[[200  66]]	[[201  67]]	[[201  68]]	[[200  69]]	[[199  69]]	[[198  68]]]
534 [[[188  67]]	[[189  66]]	[[190  66]]	[[191  67]]	[[191  68]]	[[190  69]]	[[189  69]]	[[188  68]]]
535 [[[178  67]]	[[179  66]]	[[180  66]]	[[181  67]]	[[181  68]]	[[180  69]]	[[179  69]]	[[178  68]]]
536 [[[394  65]]	[[395  66]]	[[395  67]]	[[394  68]]	[[393  68]]	[[392  67]]]
537 [[[383  66]]	[[384  65]]	[[386  67]]	[[385  68]]	[[384  68]]	[[383  67]]]
538 [[[375  65]]	[[376  66]]	[[376  67]]	[[375  68]]	[[374  68]]	[[373  67]]]
539 [[[364  66]]	[[365  65]]	[[367  67]]	[[366  68]]	[[365  68]]	[[364  67]]]
540 [[[354  66]]	[[355  65]]	[[357  67]]	[[356  68]]	[[355  68]]	[[354  67]]]
541 [[[346  65]]	[[347  66]]	[[347  67]]	[[346  68]]	[[345  68]]	[[344  67]]]
542 [[[335  66]]	[[336  65]]	[[338  67]]	[[337  68]]	[[336  68]]	[[335  67]]]
543 [[[325  66]]	[[326  65]]	[[328  67]]	[[327  68]]	[[326  68]]	[[325  67]]]
544 [[[317  65]]	[[318  66]]	[[318  67]]	[[317  68]]	[[316  68]]	[[315  67]]]
545 [[[307  65]]	[[308  66]]	[[308  67]]	[[307  68]]	[[306  68]]	[[305  67]]]
546 [[[296  66]]	[[297  65]]	[[299  67]]	[[297  69]]	[[296  68]]]
547 [[[421  57]]	[[422  56]]	[[423  57]]	[[423  58]]	[[422  59]]	[[421  58]]]
548 [[[411  57]]	[[412  56]]	[[413  56]]	[[414  57]]	[[414  58]]	[[413  59]]]
549 [[[402  57]]	[[403  56]]	[[404  56]]	[[405  57]]	[[403  59]]	[[402  58]]]
550 [[[392  57]]	[[393  56]]	[[394  56]]	[[395  57]]	[[394  58]]	[[393  58]]]
551 [[[383  57]]	[[384  56]]	[[385  56]]	[[386  57]]	[[384  59]]	[[383  58]]]
552 [[[373  57]]	[[374  56]]	[[375  56]]	[[376  57]]	[[376  58]]	[[375  59]]	[[374  59]]	[[373  58]]]
553 [[[363  57]]	[[364  56]]	[[365  56]]	[[366  57]]	[[366  58]]	[[365  59]]]
554 [[[354  57]]	[[355  56]]	[[356  56]]	[[357  57]]	[[355  59]]	[[354  58]]]
555 [[[344  57]]	[[345  56]]	[[346  56]]	[[347  57]]	[[346  58]]	[[345  58]]]
556 [[[334  57]]	[[335  56]]	[[336  56]]	[[337  57]]	[[337  58]]	[[336  59]]]
557 [[[325  57]]	[[326  56]]	[[327  56]]	[[328  57]]	[[326  59]]	[[325  58]]]
558 [[[315  57]]	[[316  56]]	[[317  56]]	[[318  57]]	[[317  58]]	[[316  58]]]
559 [[[305  57]]	[[306  56]]	[[307  56]]	[[308  57]]	[[308  58]]	[[307  59]]]
560 [[[296  57]]	[[297  56]]	[[298  57]]	[[298  58]]	[[297  59]]	[[296  58]]]
561 [[[286  57]]	[[287  56]]	[[288  56]]	[[289  57]]	[[287  59]]	[[286  58]]]
562 [[[276  57]]	[[277  56]]	[[278  56]]	[[279  57]]	[[279  58]]	[[278  59]]	[[277  59]]	[[276  58]]]
563 [[[266  57]]	[[267  56]]	[[268  56]]	[[269  57]]	[[269  58]]	[[268  59]]]
564 [[[256  57]]	[[257  56]]	[[258  56]]	[[259  57]]	[[259  58]]	[[258  59]]]
565 [[[247  57]]	[[248  56]]	[[249  56]]	[[250  57]]	[[248  59]]	[[247  58]]]
566 [[[237  57]]	[[238  56]]	[[239  56]]	[[240  57]]	[[240  58]]	[[239  59]]	[[238  59]]	[[237  58]]]
567 [[[227  57]]	[[228  56]]	[[229  56]]	[[230  57]]	[[230  58]]	[[229  59]]	[[228  59]]	[[227  58]]]
568 [[[217  57]]	[[218  56]]	[[219  56]]	[[220  57]]	[[220  58]]	[[219  59]]	[[218  59]]	[[217  58]]]
569 [[[207  57]]	[[208  56]]	[[209  56]]	[[210  57]]	[[210  58]]	[[209  59]]	[[208  59]]	[[207  58]]]
570 [[[198  57]]	[[199  56]]	[[201  58]]	[[200  59]]	[[199  59]]	[[198  58]]]
571 [[[188  57]]	[[189  56]]	[[190  56]]	[[191  57]]	[[191  58]]	[[190  59]]	[[189  59]]	[[188  58]]]
572 [[[178  57]]	[[179  56]]	[[180  56]]	[[181  57]]	[[181  58]]	[[180  59]]	[[179  59]]	[[178  58]]]
573 [[[421  47]]	[[422  46]]	[[423  47]]	[[423  48]]	[[422  49]]	[[421  48]]]
574 [[[411  47]]	[[412  46]]	[[413  46]]	[[414  47]]	[[414  48]]	[[413  49]]	[[412  49]]	[[411  48]]]
575 [[[402  47]]	[[403  46]]	[[404  47]]	[[404  48]]	[[403  49]]	[[402  48]]]
576 [[[392  47]]	[[393  46]]	[[394  46]]	[[395  47]]	[[395  48]]	[[394  49]]	[[393  49]]	[[392  48]]]
577 [[[382  47]]	[[383  46]]	[[384  46]]	[[385  47]]	[[385  48]]	[[384  49]]]
578 [[[373  47]]	[[374  46]]	[[375  46]]	[[376  47]]	[[376  48]]	[[375  49]]	[[374  49]]	[[373  48]]]
579 [[[363  47]]	[[364  46]]	[[365  46]]	[[366  47]]	[[366  48]]	[[365  49]]	[[364  49]]	[[363  48]]]
580 [[[354  47]]	[[355  46]]	[[356  46]]	[[357  47]]	[[355  49]]	[[354  48]]]
581 [[[344  47]]	[[345  46]]	[[346  46]]	[[347  47]]	[[347  48]]	[[346  49]]	[[345  49]]	[[344  48]]]
582 [[[334  47]]	[[335  46]]	[[336  46]]	[[337  47]]	[[337  48]]	[[336  49]]]
583 [[[325  47]]	[[326  46]]	[[327  46]]	[[328  47]]	[[326  49]]	[[325  48]]]
584 [[[315  47]]	[[316  46]]	[[317  46]]	[[318  47]]	[[318  48]]	[[317  49]]	[[316  49]]	[[315  48]]]
585 [[[305  47]]	[[306  46]]	[[307  46]]	[[308  47]]	[[308  48]]	[[307  49]]	[[306  49]]	[[305  48]]]
586 [[[295  47]]	[[296  46]]	[[297  46]]	[[298  47]]	[[298  48]]	[[297  49]]]
587 [[[286  47]]	[[287  46]]	[[288  46]]	[[289  47]]	[[287  49]]	[[286  48]]]
588 [[[276  47]]	[[277  46]]	[[278  46]]	[[279  47]]	[[279  48]]	[[278  49]]	[[277  49]]	[[276  48]]]
589 [[[266  47]]	[[267  46]]	[[268  46]]	[[269  47]]	[[269  48]]	[[268  49]]	[[267  49]]	[[266  48]]]
590 [[[256  47]]	[[257  46]]	[[258  46]]	[[259  47]]	[[259  48]]	[[258  49]]	[[257  49]]	[[256  48]]]
591 [[[247  47]]	[[248  46]]	[[249  47]]	[[249  48]]	[[248  49]]	[[247  48]]]
592 [[[237  47]]	[[238  46]]	[[239  46]]	[[240  47]]	[[240  48]]	[[239  49]]	[[238  49]]	[[237  48]]]
593 [[[227  47]]	[[228  46]]	[[229  46]]	[[230  47]]	[[230  48]]	[[229  49]]	[[228  49]]	[[227  48]]]
594 [[[217  47]]	[[218  46]]	[[219  46]]	[[220  47]]	[[220  48]]	[[219  49]]	[[218  49]]	[[217  48]]]
595 [[[207  47]]	[[208  46]]	[[209  46]]	[[210  47]]	[[210  48]]	[[209  49]]	[[208  49]]	[[207  48]]]
596 [[[199  46]]	[[200  47]]	[[200  48]]	[[199  49]]	[[198  49]]	[[197  48]]]
597 [[[188  47]]	[[189  46]]	[[191  48]]	[[190  49]]	[[189  49]]	[[188  48]]]
598 [[[178  47]]	[[179  46]]	[[181  48]]	[[180  49]]	[[179  49]]	[[178  48]]]
599 [[[422  36]]	[[423  37]]	[[423  38]]	[[422  39]]	[[421  39]]	[[420  38]]]
600 [[[411  37]]	[[412  36]]	[[414  38]]	[[413  39]]	[[412  39]]	[[411  38]]]
601 [[[403  36]]	[[404  37]]	[[404  38]]	[[403  39]]	[[402  39]]	[[401  38]]]
602 [[[392  37]]	[[393  36]]	[[395  38]]	[[394  39]]	[[393  39]]	[[392  38]]]
603 [[[382  37]]	[[383  36]]	[[384  36]]	[[385  37]]	[[385  38]]	[[384  39]]	[[383  39]]	[[382  38]]]
604 [[[373  37]]	[[374  36]]	[[375  36]]	[[376  37]]	[[376  38]]	[[375  39]]	[[374  39]]	[[373  38]]]
605 [[[363  37]]	[[364  36]]	[[365  36]]	[[366  37]]	[[366  38]]	[[365  39]]	[[364  39]]	[[363  38]]]
606 [[[354  37]]	[[355  36]]	[[356  37]]	[[356  38]]	[[355  39]]	[[354  38]]]
607 [[[344  37]]	[[345  36]]	[[346  36]]	[[347  37]]	[[347  38]]	[[346  39]]	[[345  39]]	[[344  38]]]
608 [[[334  37]]	[[335  36]]	[[336  36]]	[[337  37]]	[[337  38]]	[[336  39]]	[[335  39]]	[[334  38]]]
609 [[[325  37]]	[[326  36]]	[[327  37]]	[[327  38]]	[[326  39]]	[[325  38]]]
610 [[[315  37]]	[[316  36]]	[[317  36]]	[[318  37]]	[[318  38]]	[[317  39]]	[[316  39]]	[[315  38]]]
611 [[[305  37]]	[[306  36]]	[[307  36]]	[[308  37]]	[[308  38]]	[[307  39]]	[[306  39]]	[[305  38]]]
612 [[[295  37]]	[[296  36]]	[[297  36]]	[[298  37]]	[[298  38]]	[[297  39]]	[[296  39]]	[[295  38]]]
613 [[[286  37]]	[[287  36]]	[[288  37]]	[[288  38]]	[[287  39]]	[[286  38]]]
614 [[[276  37]]	[[277  36]]	[[278  36]]	[[279  37]]	[[279  38]]	[[278  39]]	[[277  39]]	[[276  38]]]
615 [[[266  37]]	[[267  36]]	[[268  36]]	[[269  37]]	[[269  38]]	[[268  39]]	[[267  39]]	[[266  38]]]
616 [[[256  37]]	[[257  36]]	[[258  36]]	[[259  37]]	[[259  38]]	[[258  39]]	[[257  39]]	[[256  38]]]
617 [[[246  37]]	[[247  36]]	[[248  36]]	[[249  37]]	[[249  38]]	[[248  39]]	[[247  39]]	[[246  38]]]
618 [[[237  37]]	[[238  36]]	[[240  38]]	[[239  39]]	[[238  39]]	[[237  38]]]
619 [[[227  37]]	[[228  36]]	[[229  36]]	[[230  37]]	[[230  38]]	[[229  39]]	[[228  39]]	[[227  38]]]
620 [[[217  37]]	[[218  36]]	[[219  36]]	[[220  37]]	[[220  38]]	[[219  39]]	[[218  39]]	[[217  38]]]
621 [[[207  37]]	[[208  36]]	[[209  36]]	[[210  37]]	[[210  38]]	[[209  39]]	[[208  39]]	[[207  38]]]
622 [[[199  36]]	[[200  37]]	[[200  38]]	[[199  39]]	[[198  39]]	[[197  38]]]
623 [[[189  36]]	[[191  38]]	[[189  40]]	[[187  38]]]
624 [[[178  37]]	[[179  36]]	[[181  38]]	[[179  40]]	[[178  39]]]
625 [[[420  28]]	[[421  27]]	[[422  27]]	[[423  28]]	[[422  29]]	[[421  29]]]
626 [[[411  28]]	[[412  27]]	[[413  28]]	[[412  29]]]
627 [[[401  28]]	[[402  27]]	[[403  27]]	[[404  28]]	[[403  29]]	[[402  29]]]
628 [[[178  28]]	[[179  27]]	[[180  27]]	[[181  28]]	[[179  30]]	[[178  29]]]
629 [[[392  27]]	[[393  26]]	[[394  27]]	[[394  28]]	[[393  29]]	[[392  28]]]
630 [[[382  27]]	[[383  26]]	[[384  26]]	[[385  27]]	[[385  28]]	[[384  29]]	[[383  29]]	[[382  28]]]
631 [[[374  26]]	[[375  27]]	[[375  28]]	[[374  29]]	[[373  29]]	[[372  28]]]
632 [[[363  27]]	[[364  26]]	[[366  28]]	[[365  29]]	[[364  29]]	[[363  28]]]
633 [[[355  26]]	[[356  27]]	[[356  28]]	[[355  29]]	[[354  29]]	[[353  28]]]
634 [[[344  27]]	[[345  26]]	[[347  28]]	[[346  29]]	[[345  29]]	[[344  28]]]
635 [[[334  27]]	[[335  26]]	[[336  26]]	[[337  27]]	[[337  28]]	[[336  29]]	[[335  29]]	[[334  28]]]
636 [[[326  26]]	[[327  27]]	[[327  28]]	[[326  29]]	[[325  29]]	[[324  28]]]
637 [[[315  27]]	[[316  26]]	[[317  27]]	[[317  28]]	[[316  29]]	[[315  28]]]
638 [[[305  27]]	[[306  26]]	[[308  28]]	[[307  29]]	[[306  29]]	[[305  28]]]
639 [[[295  27]]	[[296  26]]	[[297  26]]	[[298  27]]	[[298  28]]	[[297  29]]	[[296  29]]	[[295  28]]]
640 [[[287  26]]	[[288  27]]	[[288  28]]	[[287  29]]	[[286  29]]	[[285  28]]]
641 [[[276  27]]	[[277  26]]	[[279  28]]	[[278  29]]	[[277  29]]	[[276  28]]]
642 [[[266  27]]	[[267  26]]	[[268  26]]	[[269  27]]	[[269  28]]	[[268  29]]	[[267  29]]	[[266  28]]]
643 [[[256  27]]	[[257  26]]	[[258  26]]	[[259  27]]	[[259  28]]	[[258  29]]	[[257  29]]	[[256  28]]]
644 [[[248  26]]	[[249  27]]	[[249  28]]	[[248  29]]	[[247  29]]	[[246  28]]]
645 [[[238  26]]	[[240  28]]	[[239  29]]	[[237  29]]	[[236  28]]]
646 [[[227  27]]	[[228  26]]	[[230  28]]	[[229  29]]	[[228  29]]	[[227  28]]]
647 [[[217  27]]	[[218  26]]	[[220  28]]	[[219  29]]	[[218  29]]	[[217  28]]]
648 [[[209  26]]	[[210  27]]	[[210  28]]	[[209  29]]	[[208  29]]	[[207  28]]]
649 [[[199  26]]	[[200  27]]	[[200  29]]	[[199  30]]	[[197  28]]]
650 [[[189  26]]	[[191  28]]	[[189  30]]	[[187  28]]]
651 [[[420  18]]	[[421  17]]	[[422  17]]	[[423  18]]	[[421  20]]	[[420  19]]]
652 [[[410  18]]	[[411  17]]	[[412  17]]	[[413  18]]	[[413  19]]	[[412  20]]]
653 [[[401  18]]	[[402  17]]	[[403  17]]	[[404  18]]	[[402  20]]	[[401  19]]]
654 [[[391  18]]	[[392  17]]	[[393  17]]	[[394  18]]	[[394  19]]	[[393  20]]]
655 [[[382  18]]	[[383  17]]	[[384  17]]	[[385  18]]	[[383  20]]	[[382  19]]]
656 [[[372  18]]	[[373  17]]	[[374  17]]	[[375  18]]	[[375  19]]	[[374  20]]]
657 [[[353  18]]	[[354  17]]	[[355  17]]	[[356  18]]	[[355  19]]	[[354  19]]]
658 [[[324  18]]	[[325  17]]	[[326  17]]	[[327  18]]	[[326  19]]	[[325  19]]]
659 [[[217  18]]	[[218  17]]	[[219  17]]	[[220  18]]	[[218  20]]	[[217  19]]]
660 [[[207  18]]	[[208  17]]	[[209  17]]	[[210  18]]	[[210  19]]	[[209  20]]	[[208  20]]	[[207  19]]]
661 [[[197  18]]	[[198  17]]	[[199  17]]	[[200  18]]	[[200  19]]	[[199  20]]	[[198  20]]	[[197  19]]]
662 [[[187  18]]	[[188  17]]	[[189  17]]	[[190  18]]	[[190  19]]	[[189  20]]]
663 [[[178  18]]	[[179  17]]	[[180  18]]	[[180  19]]	[[179  20]]	[[178  19]]]
664 [[[363  17]]	[[364  16]]	[[366  18]]	[[365  19]]	[[364  19]]	[[363  18]]]
665 [[[345  16]]	[[346  17]]	[[346  18]]	[[345  19]]	[[344  19]]	[[343  18]]]
666 [[[334  17]]	[[335  16]]	[[337  18]]	[[336  19]]	[[335  19]]	[[334  18]]]
667 [[[316  16]]	[[317  17]]	[[317  18]]	[[316  19]]	[[315  19]]	[[314  18]]]
668 [[[305  17]]	[[306  16]]	[[308  18]]	[[307  19]]	[[306  19]]	[[305  18]]]
669 [[[295  17]]	[[296  16]]	[[297  16]]	[[298  17]]	[[298  18]]	[[297  19]]	[[296  19]]	[[295  18]]]
670 [[[287  16]]	[[288  17]]	[[288  18]]	[[287  19]]	[[286  19]]	[[285  18]]]
671 [[[277  16]]	[[278  17]]	[[278  18]]	[[277  19]]	[[276  19]]	[[275  18]]]
672 [[[266  17]]	[[267  16]]	[[269  18]]	[[268  19]]	[[267  19]]	[[266  18]]]
673 [[[256  17]]	[[257  16]]	[[259  18]]	[[258  19]]	[[257  19]]	[[256  18]]]
674 [[[248  16]]	[[249  17]]	[[249  18]]	[[248  19]]	[[247  19]]	[[246  18]]]
675 [[[238  16]]	[[239  17]]	[[239  19]]	[[238  20]]	[[236  18]]]
676 [[[228  16]]	[[230  18]]	[[228  20]]	[[226  18]]]
